 ds=   1.0000000000000001E-009
 beta=   2.0000000000000000     
